0.502917232298869 0.132342926028529 0.189560524006217 0.149193177553172 0.110734670317608 0.102696197397513 0.15149730989128 -0.106203428038073 -0.0443321226625929 0.074909324875965 0.322570989623639 0.270436517206776 0.316948513767625 0.097910637750239 -0.048214907757059 0.131241118219632 -0.0145330563637291 0.0443538229199963 0.247731917015235 0.0354773460301259 0.128833390217404 0.131789626173399 0.333560421551378 0.33119417332831 0.272105330145511 0.0843423304273098 0.116674083373967 0.108543344825904 0.127960643288965 0.0818535175038558 -0.0493876174550963 -0.0650630496810362 0.0676165816709235 0.0178136291540079 0.0780707347609828 0.149884990955463 -0.202512125267711 0.0332416341059084 -0.107974138750356 0.124613861666242 0.0745104704297142 0.10786107792721 -0.0341708681508898 0.202134692310477 -0.117713895727919 -0.18004367664751 -0.131179240209073 0.0344181046941437 -0.179972466823689 -0.062425661803321 -0.167688595855947 -0.0587233878248938 0.0372416341059084 -0.0644910546329366 -0.0529322327906109 -0.000685332483696607 0.00890403819798003 -0.174771293422295 -0.0102854978476211 -0.00892082089499622 -0.0282022091108307 0.0347993845802932 0.049803524836797 0.0172824015370423 0.0335516464828286 0.0219313530058675 0.0161748278753546 -0.116938582716416 0.117224932784443 -0.297806405079897 -0.111351348017658 -0.197136014574352 -0.0776059758186289 0.0139765478354899 0.0475255576408504 -0.349828414164613 -0.171797895235082 -0.0263451940198009 -0.212622095817447 -0.0743100947588218 -0.0936685884486042 -0.21806294486227 -0.0614360374789073 -0.131127717761621 -0.143794299752156 -0.278811059304585 -0.0812819282601414 -0.0486183022596036 -0.337195702357727 -0.00715714283666188 -0.0170802444771156 -0.0918425689757586 -0.121481706542021 -0.245553237767824 -0.344966635078839 -0.117713895727919
0.132342926028529 0.513037315952413 0.174398559874814 0.279576297513926 -0.0236601993474003 0.213487480623574 0.161069056033355 0.0605838136021724 0.118560832073929 -0.0162622513446943 0.0919156039966139 0.0397811315797511 0.133724934625417 0.0137494477214658 0.0487886448698331 0.228774118467783 0.0424704962631631 0.141357375546889 0.177658879383884 -0.0467383532015146 0.339373372923257 0.141890819936734 0.230762327659746 0.122707436291366 -0.00902754524959101 -0.0994106963361573 0.205869680328786 0.0933813806945012 0.137900909349556 0.0318496634446371 -0.160415587958283 0.0450381907466159 0.157292290183682 -0.0333579470666514 -0.113114098487302 -0.0407703946715622 -0.0729270754336933 0.0030250374214019 0.00212710167729611 -0.0260415239607832 0.0944161472867105 -0.020761962692125 -0.0442264904683359 0.0514793066834523 -0.0683030772885866 -0.09061548955859 -0.00952314454180639 0.00435837075473524 0.0296125830103295 0.0265637363430803 0.00189645397807144 0.0312342468852851 0.00702503742140191 0.0246552062585626 -0.00297459808043184 0.20942916497158 -0.0213125584865265 0.063469164938171 0.159568174491874 0.0218878309806521 0.0826064427648176 0.0920848634046061 0.00045531396734732 0.114567880361355 0.131366572928401 -0.0278597117637454 0.0469834797510029 -0.148308944700114 0.214228485411335 -0.21986524156644 -0.214661520880962 -0.169721166850368 -0.232530339769214 0.111262026659803 -0.0226910390436561 -0.320699568587019 -0.0149553169752506 -0.0564915216803053 -0.123691056410462 0.0873460009084446 -0.187791114920765 -0.199599909169661 -0.162833507690787 -0.300901413881646 -0.137334431564325 -0.330367847788629 -0.202289398281955 -0.0996463194271078 -0.239770729437903 -0.0634463446976246 -0.166550227908902 -0.313553764677835 -0.192282044629558 -0.335200743484282 -0.238202317724973 -0.0683030772885866
0.189560524006217 0.174398559874814 0.458492446013813 0.255610429163136 -0.0476260676981906 0.0889392176127921 0.399474252362723 0.0985502209890221 0.0220851289473716 -0.160384982440583 0.148231661843244 0.176254052171479 0.10260918598723 0.102790561828377 0.0796051719692862 0.213296752065916 0.0732870233626161 0.172173902646342 0.314131799975612 0.0618772289905028 0.293246831716222 0.360721548180996 0.199646579021559 0.172493227784236 0.127445375342137 -0.110951976889238 -0.0362624162900471 0.295117459180966 0.113935040998766 -0.0722730676512512 -0.204525062026546 0.121085579423451 0.0936083480303123 -0.21748067816254 -0.117223572555565 0.0557025259201661 -0.117318475699377 -0.0609408309293884 0.0781744903541308 0.110431396630945 0.0900247470210265 -0.0211604946398433 0.0318208982084989 0.0679522272751807 -0.211672436473102 -0.273984848743105 -0.0461424533858368 -0.0196074975960551 -0.134935680000452 0.062611125019915 -0.122651809032711 0.00726837853449491 -0.0969408309293884 -0.0194542678097007 -0.0269404664312221 0.14546329662079 -0.0452784268373168 -0.0683540418123303 0.117377719133626 0.219854238367502 0.0382150424991337 0.0824626015615405 0.198421721354197 0.0805840007546099 0.262326705745327 0.0101066956231043 0.244949887137853 -0.279850225253195 0.245045012510788 -0.317771949994346 -0.223844993781509 -0.177101559488801 -0.263018498739928 0.101639764816737 -0.0466569073944464 -0.141868840342757 -0.126352991810858 -0.0674052125659129 -0.165227501341678 -0.0292733079355858 -0.134745975644304 -0.0989661006632843 -0.0223565619295087 -0.183091869239895 -0.227072631855291 -0.271165210972925 -0.18417026017321 -0.120972453927944 -0.369392991280969 -0.106755998184754 -0.138583116923391 -0.204353583389197 -0.193818489560774 -0.256952409900011 -0.364548121777343 -0.211672436473102
0.149193177553172 0.279576297513926 0.255610429163136 0.440945029547347 0.13770853268602 0.274273817997002 0.221855393406783 0.121370150975601 0.207419729331582 0.0249496179436277 0.133127473284936 0.161149863613171 0.0875049974289219 0.0476863732700685 -0.0980136869866537 0.11803570076251 -0.104331835593324 -0.00544495630959834 0.339027611417304 0.00677304043219458 0.356066761702801 0.223102689225055 0.18454239046325 0.132125881331191 0.112341186783829 -0.166056165447546 0.0667143764416297 0.174593249982823 0.299269641382976 0.113061532732959 -0.219786113329952 0.0658245281200443 0.078347296726906 -0.0321460777783293 -0.0923277611138732 0.120598337361858 -0.0521407380602649 0.124393769454822 0.0229134390507245 0.135327208072637 0.195202484660139 0.0437353168018483 -0.0234401530949074 0.132848038716872 -0.167673602660256 -0.109829152185162 -0.101403504689243 0.125570240043057 -0.0697579423613401 0.127506936461607 -0.0574740713935982 0.192602978918705 0.088393769454822 -0.074715319113107 0.0782372712078902 0.250641034259902 0.140056173546894 0.0769805585718801 0.180354511865303 0.122831031099179 0.223549642883344 -0.0145606057067828 0.101398514085874 -0.0164392065137133 0.165303498477003 0.113083488354781 0.147926679869529 -0.295111276556601 0.0674261535548484 -0.335390808950286 -0.281306989992351 -0.285246734234214 -0.240041706008251 0.00461655754841387 0.138677692989764 -0.239487699298697 0.0189816085733522 -0.124428419834236 -0.262846360297618 -0.0845343592389921 -0.322891150389717 -0.247111275408698 -0.250501736674922 -0.240115076508218 -0.292859998948171 -0.33915352297324 -0.24995762726609 -0.178591312883884 -0.34657306129439 -0.214901172930168 -0.246728291668804 -0.312341895389513 -0.251280485771616 -0.354571268855951 -0.382166980733283 -0.167673602660256
0.110734670317608 -0.0236601993474003 -0.0476260676981906 0.13770853268602 0.500984192850312 0.171637037780937 -0.0813811034545433 0.203620609244056 0.345917399870111 0.324047005127418 0.110560258286262 0.138582648614497 0.0649377824302477 0.186766391804272 0.000483983551875575 0.0153815518968572 -0.0458341650547945 -0.148099105175251 0.0758084832055645 0.105288079620311 0.0528302648414742 0.0400230551088269 0.00148012499660931 0.110071449110799 0.210413372071783 0.133041221736244 0.0440775962255642 0.112508572525679 0.196918852321976 0.391946177291462 0.0793112738538383 -0.116543629590543 -0.104020860983682 0.266951309405461 0.126769626069917 0.219113376549975 0.12678241772884 0.423491156638613 -0.119297855914765 0.15355876700731 0.132991189694649 0.0215413904859462 -0.00565144806039711 0.0904413697756823 0.131423784523534 -0.131614961900076 -0.123189314404157 0.424667627226848 -0.0109043517896264 -0.054861221248981 0.0814490843955069 0.251100649457234 0.387491156638613 -0.257083476823695 0.337317289742093 0.0682728765493147 0.399153560730684 0.175478229110409 -0.122881984996024 -0.160085765618834 0.240965059235082 -0.257584359942822 -0.121681120030355 -0.31967570337504 -0.137932998384323 0.291471910034552 -0.0346008514877783 -0.189478808339371 -0.235810343306478 -0.237318623662332 -0.102722021926115 -0.227331411691359 -0.158699270531902 -0.298619939312913 0.437775080173555 -0.10097266011058 0.197496647761469 -0.307239431444987 -0.325075023912695 -0.26690251694958 -0.38531401556973 -0.309551509238299 -0.313494436924172 -0.302769225373871 -0.234944676405315 -0.200924474940189 -0.27154689059454 -0.281653578350525 -0.368657738751535 -0.148698869643701 -0.269295506667479 -0.214269710101559 -0.0726955177053797 -0.457616165673005 -0.276395018420542 0.131423784523534
0.102696197397513 0.213487480623574 0.0889392176127921 0.274273817997002 0.171637037780937 0.463508723801528 0.0960352456862267 0.115706866000142 0.201330865776912 0.173333459918366 0.0866304931292774 0.0344960207124147 0.0410080172732635 -0.0384024902846016 0.0512038501682841 0.192103699952938 -0.0694127725731087 0.109474106710617 0.212373768516547 0.00155260935689912 0.229552412897555 0.17658834041981 0.138045410307592 0.126211249171206 0.0656873438830726 -0.0111197337777436 0.141068460115759 0.0079220384324793 0.17261579848222 0.227146900572974 -0.0648496816601497 -0.0599956196005125 -0.00816705207833993 0.081939290061686 -0.0173913294440706 -0.0060555055388986 -0.0173785377851478 0.158322274549739 -0.0627498459247342 0.0490988504224561 0.0693823369395821 -0.0829185260989081 -0.0692603008154642 0.00619419581611592 -0.0127371709904536 -0.0749100891649465 0.013515558330972 0.159498745137975 0.045161120658875 0.00168678874105003 0.0574449916266169 0.146088630113459 0.122322274549739 -0.120378604088566 0.07214840765322 0.0839698227095585 0.173984678641811 0.111742758846997 0.134691226889844 -0.0029891166213781 0.258311843158461 -0.0400111480569536 -0.0244216336346829 -0.062102491489172 -0.00136771307334053 0.187863057279485 0.0221065321489727 -0.111734759362451 0.0217628685793898 -0.180454377280483 -0.166387926972136 -0.141870217040064 -0.206381823418812 -0.0410467274270448 0.172606198084681 -0.136962245934334 0.121507061937715 -0.129666219559119 -0.228241022767599 -0.130197644214451 -0.30079118227593 -0.333782486959042 -0.176841854085483 -0.205778361483677 -0.109483481754021 -0.284799485963429 -0.29604649082076 -0.225088293039542 -0.352218977620261 -0.22097266783525 -0.293225271824463 -0.238413390294595 -0.176518285496499 -0.211620236912377 -0.428098981542855 -0.0127371709904536
0.15149730989128 0.161069056033355 0.399474252362723 0.221855393406783 -0.0813811034545433 0.0960352456862267 0.448480239508464 0.105646249062457 -0.0116699068089811 -0.15223005912463 0.114476626086892 0.142499016415127 0.0688541502308775 0.11094548514433 0.128611159115026 0.179541716309564 0.122293010508356 0.221179889792082 0.280376764219259 0.0689732570639374 0.259491795959869 0.326966512424643 0.165891543265206 0.113475034133147 0.114645319121937 -0.0619459897434978 0.0127435708556931 0.236099265529877 0.0801800052424131 -0.106028103407604 -0.155519074880806 0.128181607496885 0.0598533122739596 -0.209325754846587 -0.0682175854098248 0.0219474901638135 -0.068312488553637 -0.094695866685741 0.0852705184275654 0.0766763608745925 0.118075754630614 -0.0339605508600432 0.0389169262819335 0.034197191518828 -0.162666449327362 -0.224978861597365 0.00286353375990344 -0.0533625333524077 -0.0859296928547122 0.111617112165655 -0.0736458218869704 -0.0264866572218577 -0.130695866685741 0.0295517193360395 -0.0606955021875748 0.111708260864437 -0.0790334625936694 -0.0612580137388957 0.166383706279366 0.226950266440936 0.0453110705725683 0.131468588707281 0.205517749427632 0.12958998790035 0.228571669988974 0.0172027236965389 0.252045915211287 -0.230844238107455 0.294050999656528 -0.310675921920911 -0.174839006635769 -0.22053184720484 -0.254863575423975 0.150645751962477 -0.080411943150799 -0.133713917026804 -0.118198068494905 -0.0183992254201727 -0.116221514195938 0.0197326792101544 -0.177117368117824 -0.141337493136805 -0.0647279544030295 -0.17599584116646 -0.228592960499024 -0.293111071531552 -0.268451611719036 -0.112817530611991 -0.320387004135229 -0.19103734973058 -0.180954509396912 -0.246724975862718 -0.144812502415034 -0.249856381826577 -0.398303157533696 -0.162666449327362
-0.106203428038073 0.0605838136021724 0.0985502209890221 0.121370150975601 0.203620609244056 0.115706866000142 0.105646249062457 0.561190731095405 0.209153532909116 0.125215075885036 -0.106377840069418 -0.0783554497411832 -0.152000315925432 0.0094201768476032 0.1470858508183 -0.00122545231903941 0.159299356575503 0.137034416455046 0.0194527328455581 0.14788956220339 0.159006553528687 0.14619934379604 -0.135032488108495 -0.147292134495457 -0.00652472628389753 0.0550603563236489 0.0888800237160781 0.136327053560358 0.0601376167113937 0.114795336310494 -0.0170270145279448 0.0277004300233472 -0.0806278651995784 0.00960509444879279 -0.00972552505696379 0.00217527819429448 0.190618360741743 0.126127573032357 0.0249462036991254 -0.0638048165989456 0.0770783865634417 -0.195396707869734 0.0584531174579829 -0.126496728579998 0.0962643999680179 -0.166756977806004 0.0206466286087453 0.16746090636569 0.092931591223276 0.0892433442693991 0.185285027408409 0.19433678249624 0.0901275730323566 -0.0728220485602167 0.160127937530523 0.0916658723334181 0.141789977124428 0.159565425979202 0.162520159139751 0.0267847241530677 0.185052256103875 -0.0323949584323343 0.0835641613603222 -0.0342735592392649 -0.0319135724422086 0.117317197910618 0.112269638284124 -0.101212518784528 0.0897486635743949 -0.146694526454956 -0.236433880149887 -0.160729544424935 -0.114322421620599 -0.0132177951771377 0.140411496567299 -0.0752392253235309 0.0607154121508869 -0.118240542618836 -0.160523850278071 -0.0826410886861018 -0.236758073972379 -0.105000428932311 -0.16731814823696 -0.217949429233769 -0.250700616791425 -0.171039635137903 -0.328718874156522 -0.231611922467459 -0.237608156293583 -0.122948066207064 -0.265187280261654 -0.244810402214166 -0.206407375929152 -0.292231390186817 -0.210626846334318 0.0962643999680179
-0.0443321226625929 0.118560832073929 0.0220851289473716 0.207419729331582 0.345917399870111 0.201330865776912 -0.0116699068089811 0.209153532909116 0.536771676674027 0.233158485127719 0.0196717382865627 0.0476941286147979 -0.0259507375694513 0.13589524045416 0.0701951801974378 0.0850927485424194 0.0238770315907677 -0.0783879085296891 0.105502311201539 0.134981907616286 0.122541461487036 0.109734251754389 -0.048982909752514 0.0191829291111002 0.119524852072084 0.0421527017365453 0.0256989110016323 0.182219769171241 0.186187195067375 0.321270399917051 -0.0115772461458607 -0.087257918195557 -0.0747351495886953 0.176062789405762 0.0358811060702183 0.128224856550276 0.156068129123827 0.332602636638913 -0.0900121445197788 0.0626702470076113 0.0821200383445376 0.00316270526201422 -0.0565225994105087 -0.000447150224016751 0.0405352645238353 -0.102329250505089 -0.0213937682334035 0.333779107227149 0.0183813596053601 -0.0255755098539945 0.110734795790493 0.280386360852221 0.296602636638913 -0.227797765428708 0.286446138391982 0.0975585879443012 0.348265040730985 0.245189425755972 -0.0531707883504616 -0.090374568973272 0.310676255880645 -0.187873163297259 -0.132126786129891 -0.249964506729478 -0.0682218017387611 0.200583390034853 0.0351103451577839 -0.328141526304399 -0.166099146660916 -0.207624795666358 -0.113167688025651 -0.237637583695384 -0.273340578261526 -0.228908742667351 0.346886560173856 0.0259876586505659 0.227190475757444 -0.277528234799425 -0.303436340487039 -0.165106970778826 -0.338510559553683 -0.182730684572663 -0.226534118163026 -0.353640376723982 -0.245250848409341 -0.138877674913545 -0.322418041944651 -0.332116613099648 -0.37896391075556 -0.214851752832962 -0.287674191891411 -0.224732744850682 -0.0106313490291485 -0.370812709656957 -0.230020698184449 0.0405352645238353
0.074909324875965 -0.0162622513446943 -0.160384982440583 0.0249496179436277 0.324047005127418 0.173333459918366 -0.15223005912463 0.125215075885036 0.233158485127719 0.506185040701026 0.0779582062889678 0.025823733872105 0.0723357304329537 0.115917436134185 0.08409036476161 -0.0172205001004368 0.10200539638409 -0.000259543736366457 -0.0369504315368275 0.131060819241793 -0.0197717871558198 -0.0727358596335652 0.0088780729993153 0.0374693971135052 0.158609436865543 0.280880783175129 0.191917157664449 -0.000250342216713251 0.0841599375795838 0.359344125294168 0.168636549578437 -0.229302544332936 -0.0966229129809758 0.35627658513006 0.216094901794516 0.106354461807583 0.135950830708341 0.31073224189622 -0.232056770657157 0.0407998522649183 0.0411872544884099 -0.0702625447202931 -0.0783929941532017 0.0176824550332903 0.220749060248133 -0.0422896861754765 -0.073864038679558 0.311908712484456 0.0784209239349727 -0.0856928082694799 0.170774360120106 0.138341734714843 0.31473224189622 -0.167758201099096 0.224558374999701 -0.0444860381930773 0.286394645988292 0.102719314368017 -0.015042423557139 -0.272844680361226 0.12820614449269 -0.109744798503937 -0.135908380408874 -0.171836141936155 -0.250691913126715 0.17871299529216 -0.14735976623017 -0.159913130306329 -0.0879707818675935 -0.229903307010039 -0.0534141148511034 -0.15131914676962 -0.115037982073518 -0.150780377874028 0.325016165431163 -0.103224667511221 0.195244640360828 -0.159399870006102 -0.217392325218908 -0.177577241224981 -0.2088775058614 -0.241868810544512 -0.264169161199573 -0.236839623007292 -0.0770224524112708 -0.191756061960688 -0.224131573942246 -0.192328302625926 -0.279332463026936 -0.22964009895241 -0.161455945228594 -0.12494443437696 -0.0635444733754661 -0.28308961503698 -0.397336247729251 0.220749060248133
0.322570989623639 0.0919156039966139 0.148231661843244 0.133127473284936 0.110560258286262 0.0866304931292774 0.114476626086892 -0.106377840069418 0.0196717382865627 0.0779582062889678 0.463512726324298 0.411378253907435 0.417890250468284 0.180959519163242 -0.00516602634405622 0.130813796187716 0.0285158250492737 0.00733313911560786 0.231666212746999 0.0594812069792814 0.0884060681854884 0.115723921905164 0.317494717283142 0.305503693401658 0.28563170132659 0.127391211840313 0.0796533995695784 0.147284047880323 0.111894939020729 0.145857378453011 -0.00633873604209347 -0.0411287539492718 0.0515508774026878 0.0608625105670107 0.0811196161739855 0.213888851904619 -0.199463243854708 0.137245495055064 -0.0471019672670887 0.108548157398006 0.0479672763934021 0.0938941418787208 -0.0102365724191255 0.186068988042242 -0.0746650143149161 -0.217064360451898 -0.168199924013461 0.0984219656432993 -0.216993150628077 -0.0994463456077094 -0.164639714442944 0.00528047312426178 0.101245495055064 -0.101511738437325 0.0110716281585448 0.0232489632480677 0.0729078991471356 -0.110767432473139 -0.0473061816520096 -0.0249865251632319 0.0358016518383249 -0.00222129922409523 0.0337378205685613 -0.0440999000310258 0.0574859422145929 0.00586564873763178 0.0801786888245102 -0.242246247264416 0.0802042489800546 -0.168650028155095 -0.108372031822047 -0.272381704942029 -0.113582851410481 -0.0230441359688986 0.111529418590006 -0.30677953275161 -0.0887490138220795 -0.112089113351549 -0.289642779621836 -0.11133077856321 -0.0760630720668195 -0.314333179983492 -0.117636707382737 -0.147193422029856 -0.239994969655986 -0.252412742178049 -0.122721432342204 -0.0856389860639921 -0.294146820944724 -0.162105708855374 -0.113280914380946 -0.0993200033522295 -0.15850239034641 -0.30161894203606 -0.37544356858768 -0.0746650143149161
0.270436517206776 0.0397811315797511 0.176254052171479 0.161149863613171 0.138582648614497 0.0344960207124147 0.142499016415127 -0.0783554497411832 0.0476941286147979 0.025823733872105 0.411378253907435 0.487480285240503 0.365755778051421 0.208981909491477 -0.0573004987609191 0.0786793237708535 -0.0236186473675891 -0.044801333301255 0.259688603075235 0.0875035973075167 0.0762715957686256 0.143746312233399 0.265360244866279 0.293369220984796 0.313654091654825 0.0752567394234498 0.0275189271527157 0.175306438208558 0.139917329348964 0.0937229060361486 -0.0584732084589563 -0.0131063636210366 -0.000583595014174912 0.00872803815014798 0.0289851437571228 0.241911242232854 -0.171440853526473 0.165267885383299 -0.0190795769388534 0.136570547726241 0.0759896667216373 0.139265929797317 0.0177858179091097 0.214091378370477 -0.126799486731779 -0.2518494352784 -0.220334396430324 0.126444355971535 -0.26912762304494 -0.0714239552794742 -0.216774186859807 0.033302863452497 0.129267885383299 -0.153646210854188 0.03909401848678 0.0512713535763029 0.100930289475371 -0.0827450421449039 -0.082091256478511 0.0337661085794748 0.0811734397569215 -0.0543557716409581 0.079109608487158 -0.0788849748575272 0.1162385759573 0.033888039065867 0.125550476743107 -0.294380719681279 0.0280697765631918 -0.124625218562292 -0.125807709058187 -0.284516177358892 -0.0295580418176776 -0.0751786083857614 0.139551808918241 -0.244058347242652 0.000733863335098756 -0.164223585768411 -0.266921594112878 -0.163465250980073 -0.128197544483682 -0.251611994474534 -0.1697711797996 -0.137867407617776 -0.292129442072849 -0.189691556669091 -0.140157109578344 -0.041614176471189 -0.311582498180864 -0.179541386091514 -0.0692561047881426 -0.0552951937594264 -0.135781204837451 -0.319054619272199 -0.291418758994877 -0.126799486731779
0.316948513767625 0.133724934625417 0.10260918598723 0.0875049974289219 0.0649377824302477 0.0410080172732635 0.0688541502308775 -0.152000315925432 -0.0259507375694513 0.0723357304329537 0.417890250468284 0.365755778051421 0.558266426016873 0.182768849792045 0.036643304284747 0.13262312681652 0.0703251556780769 0.0491424697444111 0.186043736890985 0.101290537608085 0.0427835923294744 0.0701014460491497 0.359304047911946 0.307313024030462 0.280009225470576 0.169200542469116 0.121462730198382 0.101661572024309 0.0662724631647148 0.100234902596997 -0.0119612118981075 -0.0867512298052859 0.0459284015466738 0.0552400347109967 0.0754971403179715 0.168266376048604 -0.205085719710722 0.09162301919905 -0.0927244431231027 0.0629256815419922 0.0023448005373881 0.146838510942493 -0.0558590482751396 0.180446512186228 -0.0802874901709302 -0.124119991388126 -0.213822399869475 0.0527994897872853 -0.222615626484091 -0.145068821463723 -0.170262190298958 -0.0403420027317523 0.09562301919905 -0.107134214293339 -0.0345508476974693 -0.0223735126079463 0.125852268210908 -0.0689581018443359 0.00563818741176246 -0.070609001019246 0.0887460209020969 0.039588031404708 -0.0118846552874527 -0.00229056940222254 0.0592952728433961 -0.0397568271183823 0.0345562129684961 -0.200436916635613 0.122013579608858 -0.166840697526292 -0.0665627011932436 -0.13200552939344 -0.119205327266495 0.0187651946599046 0.065906942733992 -0.352402008607624 -0.0869396831932763 -0.117711589207563 -0.149266604073247 -0.116953254419224 -0.0742537414380163 -0.319955655839506 -0.163259183238751 -0.192815897885871 -0.0996187941073966 -0.210603411549246 -0.128343908198218 -0.0912614619200061 -0.252337490315921 -0.167728184711388 -0.15890339023696 -0.00637563428845747 -0.116693059717606 -0.208674572972288 -0.381066044443694 -0.0802874901709302
0.097910637750239 0.0137494477214658 0.102790561828377 0.0476863732700685 0.186766391804272 -0.0384024902846016 0.11094548514433 0.0094201768476032 0.13589524045416 0.115917436134185 0.180959519163242 0.208981909491477 0.182768849792045 0.466524786887962 0.200242378635566 0.173229987908242 0.193924230028896 0.0516592899084391 0.106207744082545 0.183119146982109 0.00280810542552302 0.110439684635394 0.159311192358406 0.227902516472596 0.181767612484915 0.212782248170347 -0.0766201662828516 0.262925202052246 0.0268793242564372 0.141906649225923 0.0316204938031239 -0.00612700006397598 0.0063957685428857 0.0988217404122281 0.119078846019203 0.169512637426955 -0.00132978261480542 0.213451628573074 -0.00888122638819772 0.14395802788429 0.0239240098148508 -0.00710436910092106 -0.0152348185338297 0.0808406306526623 0.00329421553030124 -0.179727162243721 -0.090862725805284 0.174628099161309 -0.059016552133272 -0.022534632650108 -0.00666311594813876 0.0810784900412834 0.177451628573074 -0.104756888224822 0.167295130326142 0.0582507171333635 0.149114032665145 0.0928878761792755 -0.130994185339669 -0.0501079250347854 0.0309428998191313 -0.0582647538016499 -0.011703279446306 -0.0803560972338683 0.0594766486845428 0.0414323819690139 0.0753769890962705 -0.238094327866271 0.043948051777212 -0.279487556300535 0.0170363731575754 -0.229500344329562 -0.311007112505636 -0.0593003331717412 0.187735552108016 -0.108663440161295 0.116798885253053 -0.155351631788633 -0.245316628829005 -0.114575928350707 -0.145572989135628 -0.237224920639426 -0.201185216974887 -0.352791384789822 -0.195203649971213 -0.241183448506086 -0.241130261067972 -0.209344358401239 -0.289355501259951 -0.286656154727724 -0.276986286718193 -0.181960490152273 0.00706287737831066 -0.467216904796025 -0.454334934854977 0.00329421553030124
-0.048214907757059 0.0487886448698331 0.0796051719692862 -0.0980136869866537 0.000483983551875575 0.0512038501682841 0.128611159115026 0.1470858508183 0.0701951801974378 0.08409036476161 -0.00516602634405622 -0.0573004987609191 0.036643304284747 0.200242378635566 0.492363389486084 0.227843653141716 0.371746766744691 0.309481826624234 -0.0394923161741778 0.198270150555173 -0.0202204216884696 0.127254294776304 0.0536111321016843 0.00177697096529852 0.0354852042325194 0.267507766492836 0.0204631596921713 0.157382004540622 -0.159246221250861 0.0559938463439131 0.126502874870711 -0.0312446189963887 -0.0194160514742162 0.0326961949049301 0.0938043643416922 -0.0967697708254414 0.0935525984527819 0.0271692203206778 -0.0339988453206105 -0.0823243803681057 -0.12135047186266 -0.273386777353317 -0.0405093002113405 -0.145441777599734 0.119355500424155 -0.143665877349867 0.0441765180074013 0.0285025536540112 0.116022691679413 -0.0878091143276187 0.168376127864547 -0.0250470554660146 0.0311692203206778 -0.00971764441213639 0.0211695848188441 -0.0877179656288364 0.00283162441274941 0.14803887975234 -0.0333285113689728 -0.0325991138091868 0.0460939033921962 0.0794009201690467 -0.0743513309658056 0.0573095767368283 -0.00386560391964582 -0.0216411548010613 0.0528858003218691 -0.0340326505335641 0.221770588493007 -0.10166501958474 0.0745451843831739 -0.0230808593443213 -0.254349365109825 0.0783653407989555 0.00145314385561983 0.01674811824906 0.119695773265776 -0.0576859578179361 -0.148233302853982 -0.0195366845380215 -0.100161430725273 -0.140567173243615 -0.0642137440888793 -0.295708058814799 -0.0311419726385059 -0.164257031940479 -0.267098943830172 -0.19252974826033 -0.191532964544156 -0.229684681841716 -0.300597161827859 -0.0853027427564621 0.0244148258588112 -0.220954282555883 -0.39736346196897 0.119355500424155
0.131241118219632 0.228774118467783 0.213296752065916 0.11803570076251 0.0153815518968572 0.192103699952938 0.179541716309564 -0.00122545231903941 0.0850927485424194 -0.0172205001004368 0.130813796187716 0.0786793237708535 0.13262312681652 0.173229987908242 0.227843653141716 0.46825465865456 0.141525504535046 0.280412383818771 0.176557071574986 0.0523166550703679 0.17783277617184 0.300945874872934 0.229660519850848 0.242187976478142 0.0698706469415114 0.0796443119357253 -0.00860628311329126 0.172279572885603 -0.0236396874018602 0.0708914146888947 -0.0613605796864001 -0.0164891489771753 0.0761904823747844 -0.0343161958223938 -0.0940590902154191 -0.0818722024804598 -0.0943108561043294 0.0420667886656595 -0.019243375301397 0.0132821534808949 -0.0875499813795994 -0.13437360527679 -0.025753830192127 -0.0296225011254453 -0.0896868579592227 -0.191999270229226 0.0170220289543091 0.0434001219989928 0.00822880233969342 -0.114963603380711 -0.0194873266925646 -0.010149487121033 0.00606678866565945 -0.0768721334652286 0.0360671531638257 0.0478885682201642 0.0177291927577311 0.0420853842675348 -0.0223979541744354 -7.82976856576993e-05 0.101222662094182 0.0503314773635841 -0.0215108146989625 0.0526017516950453 0.129825976176984 -0.0092434924343815 0.0250173510846931 -0.0894107991733298 0.192701145687544 -0.0808102332945572 -0.0356065126090796 -0.110823021323584 -0.233914073775532 0.0492958979934929 0.0163507122006015 -0.161219028400243 0.024086434269007 -0.0380321650960395 -0.177302745659444 -0.0866911735911137 -0.108892922729662 -0.160701716978558 -0.00377845275458664 -0.242867542547956 -0.0784362860375403 -0.293609908335067 -0.202965720840277 -0.140748127236005 -0.341736858104213 -0.216632502031714 -0.240161870493567 -0.154230087236156 -0.0857368711334424 -0.276728083208073 -0.423741447089731 -0.0896868579592227
-0.0145330563637291 0.0424704962631631 0.0732870233626161 -0.104331835593324 -0.0458341650547945 -0.0694127725731087 0.122293010508356 0.159299356575503 0.0238770315907677 0.10200539638409 0.0285158250492737 -0.0236186473675891 0.0703251556780769 0.193924230028896 0.371746766744691 0.141525504535046 0.503960272501894 0.321695332381437 -0.0458104647808479 0.330483656312377 -0.0265385702951396 0.0409361461696337 0.0472929834950142 0.0354588223586285 -0.0108329443741507 0.31972127225004 0.0726766654493744 0.151063855933952 -0.125564369857531 0.00967569773724303 0.120202094913629 -0.0375627676030588 -0.0257342000808863 0.0263954149478476 0.16750358438461 -0.0630879194321115 0.0872518184956993 -0.0191489282859923 -0.0403169939272805 -0.0886425289747758 -0.08766862046933 -0.239704925959987 -0.046810080168423 -0.111759926206404 0.113054720467073 -0.0699666573069497 -0.00212426194968123 -0.0178155949526589 0.0697219117223307 -0.0541098942847013 0.122075347907464 -0.111365204072685 -0.0151489282859923 0.0239815756307811 -0.025148563787826 -0.0940361142355065 -0.0434865241939206 0.0617207311456704 0.0588849943882303 -0.0389172624158569 -0.000224245214473822 0.21161442592625 0.0178621747913976 0.149523082494031 -0.0101837525263159 -0.0679593034077314 0.046567651715199 -0.148930378760092 0.31398409425021 -0.107965799541823 0.0282270357765039 -0.137978587570849 -0.202135859352622 0.170578846556159 -0.0448650047510502 -0.138166978627056 0.00478067638966091 0.0345275479392671 -0.136019797096779 0.0141625355048959 -0.0765448732375154 -0.128353667486411 -0.110514524045962 -0.243494553057596 -0.146039700865034 -0.170557811897562 -0.233399723787255 -0.118830528217413 -0.157833744501238 -0.155985461798799 -0.168383656070656 -0.0916035227135447 -0.0219033227478589 -0.277337725068125 -0.323664241926053 0.113054720467073
0.0443538229199963 0.141357375546889 0.172173902646342 -0.00544495630959834 -0.148099105175251 0.109474106710617 0.221179889792082 0.137034416455046 -0.0783879085296891 -0.000259543736366457 0.00733313911560786 -0.044801333301255 0.0491424697444111 0.0516592899084391 0.309481826624234 0.280412383818771 0.321695332381437 0.500582211665163 0.0530764145028776 0.14821871619192 0.0723483089885858 0.219823025453359 0.14617986277874 0.0943457016423539 0.00734496940555572 0.217456332129583 0.2115635447331 0.00879891581349517 -0.147120344473969 -0.0925892423832137 0.0179371547931718 -0.0191187422194965 -0.00729017469732405 -0.0758695251726093 -0.0147613557358472 -0.205352859552568 -0.0150131216247575 -0.121413868406449 -0.0218729685437183 -0.110198503591214 -0.109224595085768 -0.261260900576425 0.0116339452151392 -0.113103158197554 0.010789780346616 -0.131522631923387 0.096319763433881 -0.120080535073116 0.0875265368192652 -0.0356658689011391 0.0598104077870072 -0.133630144193141 -0.117413868406449 0.0424256010143433 -0.127413503908283 -0.0755920888519443 -0.145751464314377 -0.000544208974786351 0.157771873671956 0.0396499167245547 0.0185930688518603 0.270501305209975 0.116749054075123 0.248409961777757 0.0887031267574095 -0.0495152780241692 0.0247455654949055 -0.050113064693758 0.412870973533936 -0.129787885762117 -0.0339683391265616 -0.119800673791143 -0.103318545286287 0.269465725839884 -0.147129944871507 -0.200431918747512 -0.0974842637307959 0.0934144272229925 0.0428670821869468 0.0326065608884582 -0.0982973942404176 -0.0701061884893137 0.0283027900203723 -0.10460767377387 -0.127861787085328 -0.192379898117855 -0.255152244790157 -0.0999436489336872 -0.260081315972108 -0.177737982801701 -0.189566342004322 -0.113425608933838 -0.0840986976509244 -0.138468214433987 -0.384846927859718 0.010789780346616
0.247731917015235 0.177658879383884 0.314131799975612 0.339027611417304 0.0758084832055645 0.212373768516547 0.280376764219259 0.0194527328455581 0.105502311201539 -0.0369504315368275 0.231666212746999 0.259688603075235 0.186043736890985 0.106207744082545 -0.0394923161741778 0.176557071574986 -0.0458104647808479 0.0530764145028776 0.437566350879367 0.105311779894258 0.254149343572758 0.281624060037531 0.283081129925314 0.230664620793254 0.210879926245892 -0.0675174259854828 0.00481432696117449 0.233114620795299 0.237369591902521 0.0511614832525039 -0.161247373867889 0.0843458989325203 0.0968686675393819 -0.0940461272587845 -0.0337890216518097 0.179137076823921 -0.154058156190308 0.0624937199743667 0.0414348098632005 0.1938659475347 0.0932850665300961 0.102274056263912 -0.00491878228243147 0.191386778178936 -0.229573652140711 -0.211746570315204 -0.0828821338767672 0.063670190562602 -0.171675360491383 0.0660283072740827 -0.159391489523641 0.0906855607886625 0.0264937199743668 -0.0561939483006311 -0.0236801469221525 0.14872361612986 0.0781561240664383 -0.0249368595581626 0.0784370937352601 0.140913612969136 0.121632224753301 0.00352197616317451 0.119481095955831 0.00164337535624395 0.183386080346961 0.0511834388743258 0.166009261739487 -0.276572537094538 0.125947524367324 -0.316852069488223 -0.222785619179875 -0.266707994772151 -0.261941755488706 0.0226991394183712 0.0767776435093088 -0.220948959836634 -0.042918440907103 -0.106345837964279 -0.284324989485142 -0.0660129884265162 -0.224352410927654 -0.268589904596222 -0.151962997212859 -0.222032494638261 -0.274321259486108 -0.320614783511177 -0.271436256453614 -0.16005257342182 -0.368473110774845 -0.236362433468104 -0.228189552206741 -0.213803155927449 -0.19275911495914 -0.256032529393888 -0.443645609920807 -0.229573652140711
0.0354773460301259 -0.0467383532015146 0.0618772289905028 0.00677304043219458 0.105288079620311 0.00155260935689912 0.0689732570639374 0.14788956220339 0.134981907616286 0.131060819241793 0.0594812069792814 0.0875035973075167 0.101290537608085 0.183119146982109 0.198270150555173 0.0523166550703679 0.330483656312377 0.14821871619192 0.105311779894258 0.516848730815399 -0.078105227412351 0.0295263517975204 0.078258365425022 0.106424204288636 0.119334320764802 0.308776695107742 0.019374280654543 0.182011869214372 0.025557874817575 0.0806410796672508 0.0691006550262328 -0.0466147543226385 -0.114943049545564 0.0154508378055498 0.196559007242312 0.0880343252429943 0.076289872703814 0.0919733163891136 -0.0493689806468602 0.0624797157003301 -0.0376755867250625 -0.109537660821034 -0.0558620668880027 -0.000637681531297974 0.000774376753410122 -0.142107506925102 -0.0932430704866646 0.0931497869773489 -0.0613968968146526 -0.0249149773314885 0.0309565393704807 -0.000260328047166337 0.0959733163891136 -0.107137232906202 0.00579944949259431 -0.103088100955086 0.107635720481185 0.132825607171189 0.000808070771727309 0.0250726357850437 0.110880630811045 0.078294672481831 0.0818520729922982 0.0514461588775284 -0.0214366841533311 0.0760479634427567 0.0753147200881838 -0.240031818647488 0.140507478060693 -0.159515088009447 -0.0650927176679151 -0.0790422163826415 -0.215438244147453 0.0372590931117397 0.106257239924056 -0.151469363421887 0.0339929619924611 -0.0587922055051519 -0.229339550541198 -0.116956273032087 -0.139518461121613 -0.22167342093083 -0.243973771585891 -0.184418687773877 -0.19714114075243 -0.068460504119379 -0.172122913596101 -0.18180411610151 -0.251292992041168 -0.247534750266422 -0.221842903610586 -0.0744202478525443 -0.0350662134471797 -0.288887013535749 -0.375230899043264 0.000774376753410122
0.128833390217404 0.339373372923257 0.293246831716222 0.356066761702801 0.0528302648414742 0.229552412897555 0.259491795959869 0.159006553528687 0.122541461487036 -0.0197717871558198 0.0884060681854884 0.0762715957686256 0.0427835923294744 0.00280810542552302 -0.0202204216884696 0.17783277617184 -0.0265385702951396 0.0723483089885858 0.254149343572758 -0.078105227412351 0.458221644764665 0.260739091778142 0.139820985363803 0.111766093995423 0.0274629189392836 -0.210777570546994 0.0643507789947158 0.169871844883376 0.21439137353843 0.0683401276335117 -0.224350655684302 0.0611031230205968 0.113782754372557 -0.0768674828777769 -0.137049166213321 0.0357200695173123 -0.0568621431597124 0.0395155016102764 0.018192033951277 0.0504489402280913 0.150481079560691 -0.0167813332790175 -0.0281615581943549 0.0479697708723269 -0.111059241188339 -0.133371653458342 -0.0659680470435926 0.0808488349436098 -0.0343224847156896 0.0826286686170612 -0.0220386137479476 0.10772471107416 0.00351550161027646 -0.0392798614674565 0.0735158661084427 0.245919629160455 0.0551779057023481 -0.00789770927266543 0.217990914418389 0.120310570907167 0.138671375038799 0.0230757968463034 0.0988780538938618 0.0455588138030524 0.162783038284991 0.0705630281627691 0.145406219677517 -0.259675818910951 0.145219418853033 -0.248874308124743 -0.283670587439265 -0.158730233408671 -0.193682067927806 0.0422529601014999 0.0537994251452185 -0.201851296745611 -0.0258966592711933 -0.0780687817537908 -0.225209957744532 -0.0490989015933416 -0.196374649564174 -0.160751637328253 -0.123985235849379 -0.242478673955132 -0.208701305775161 -0.381673983165252 -0.20579893409308 -0.1007980475857 -0.308779795996206 -0.137107907631983 -0.160211790843261 -0.314705492836426 -0.293800945963628 -0.316778003557767 -0.304373715435099 -0.111059241188339
0.131789626173399 0.141890819936734 0.360721548180996 0.223102689225055 0.0400230551088269 0.17658834041981 0.326966512424643 0.14619934379604 0.109734251754389 -0.0727358596335652 0.115723921905164 0.143746312233399 0.0701014460491497 0.110439684635394 0.127254294776304 0.300945874872934 0.0409361461696337 0.219823025453359 0.281624060037531 0.0295263517975204 0.260739091778142 0.448370670988013 0.167138839083478 0.154879192696517 0.174937635404057 -0.0633028540822204 -0.0287701562281276 0.237346561348149 0.0814273010606852 0.0153760551557664 -0.156875939219528 0.0485778394853702 0.0611006080922318 -0.129831555355522 -0.149574449748547 0.0231947859820857 -0.0696693528923597 0.0267082918776292 0.0458236131611484 0.0379236566928646 0.0175170070829461 -0.0536682345779238 0.0393131582704184 0.0354444873371002 -0.164023313666084 -0.266335725936088 0.0015066694211808 0.0680416252109625 -0.0872865571934349 -0.00989661491816545 -0.075002686225693 0.0949175013415124 -0.00929170812237081 -0.0919620077477812 0.0607086563757954 0.11295555668271 0.0423706959697008 -0.0207049190053127 0.0448699791955456 0.147346498429421 0.125864165306151 0.00995486162345998 0.125913981416116 0.00807626081652942 0.189818965807246 0.0577558184301218 0.172442147199772 -0.232357965191276 0.172537272572708 -0.230122827187329 -0.136195870974492 -0.180135615216355 -0.21536937593291 0.0291320248786566 0.0409922154125712 -0.0942197175357397 -0.0387038690038406 -0.139912952503993 -0.157735241279758 -0.101781047873666 -0.217780031371858 -0.142000156390839 -0.0252337549119649 -0.175599609177975 -0.230106687582845 -0.274042403955381 -0.307204315900764 -0.153480193866024 -0.401900731219049 -0.229790053912308 -0.261617172650945 -0.207387639116751 -0.106169366753756 -0.209460149838092 -0.396898998970326 -0.164023313666084
